---
  012345678

0 038040060
1 200000097
2 009007000
3 000060870
4 002398500
5 083050000
6 000300700
7 320000008
8 050030140
---
0 :( 0 , 6 )-> 2
0 :( 4 , 7 )-> 1
0 :( 7 , 7 )-> 5
---
  012345678

0 038040260
1 200000097
2 009007000
3 000060870
4 002398510
5 083050000
6 000300700
7 320000058
8 050030140
---
0 :( 5 , 7 )-> 2
0 :( 6 , 7 )-> 2
---
  012345678

0 038040260
1 200000097
2 009007000
3 000060870
4 002398510
5 083050020
6 000300720
7 320000058
8 050030140
---
0 :Test( 6 , 8 )-> 6
1 :( 6 , 8 )-> 6
---
  012345678

0 038040260
1 200000097
2 009007000
3 000060870
4 002398510
5 083050020
6 000300726
7 320000058
8 050030140
---
1 :( 4 , 8 )-> 4
1 :( 7 , 6 )-> 9
1 :( 8 , 8 )-> 9
---
  012345678

0 038040260
1 200000097
2 009007000
3 000060870
4 002398514
5 083050020
6 000300726
7 320000958
8 050030149
---
1 :( 3 , 8 )-> 3
1 :( 5 , 6 )-> 6
---
  012345678

0 038040260
1 200000097
2 009007000
3 000060873
4 002398514
5 083050620
6 000300726
7 320000958
8 050030149
---
0 :Test( 6 , 8 )-> 9
1 :( 6 , 8 )-> 9
---
  012345678

0 038040260
1 200000097
2 009007000
3 000060870
4 002398510
5 083050020
6 000300729
7 320000058
8 050030140
---
1 :( 7 , 6 )-> 6
1 :( 8 , 8 )-> 6
---
  012345678

0 038040260
1 200000097
2 009007000
3 000060870
4 002398510
5 083050020
6 000300729
7 320000658
8 050030146
---
1 :( 4 , 8 )-> 4
1 :( 5 , 8 )-> 4
1 :( 8 , 2 )-> 7
---
  012345678

0 038040260
1 200000097
2 009007000
3 000060870
4 002398514
5 083050024
6 000300729
7 320000658
8 057030146
---
1 :( 3 , 8 )-> 3
1 :( 5 , 5 )-> 1
1 :( 5 , 6 )-> 9
---
  012345678

0 038040260
1 200000097
2 009007000
3 000060873
4 002398514
5 083051924
6 000300729
7 320000658
8 057030146
---
1 :( 5 , 3 )-> 7
---
  012345678

0 038040260
1 200000097
2 009007000
3 000060873
4 002398514
5 083751924
6 000300729
7 320000658
8 057030146
---
1 :( 5 , 0 )-> 6
1 :( 7 , 4 )-> 7
1 :( 7 , 4 )-> 7
1 :( 7 , 4 )-> 7
---
  012345678

0 038040260
1 200000097
2 009007000
3 000060873
4 002398514
5 683751924
6 000300729
7 320070658
8 057030146
---
1 :( 4 , 0 )-> 7
1 :( 4 , 1 )-> 7
---
  012345678

0 038040260
1 200000097
2 009007000
3 000060873
4 772398514
5 683751924
6 000300729
7 320070658
8 057030146
---
1 :Test( 0 , 5 )-> 5
2 :( 0 , 5 )-> 5
2 :( 0 , 3 )-> 9
2 :( 0 , 3 )-> 9
---
  012345678

0 038945260
1 200000097
2 009007000
3 000060873
4 772398514
5 683751924
6 000300729
7 320070658
8 057030146
---
2 :( 0 , 0 )-> 1
2 :( 0 , 8 )-> 1
2 :( 6 , 3 )-> 5
2 :( 6 , 3 )-> 5
2 :( 6 , 3 )-> 5
---
  012345678

0 138945261
1 200000097
2 009007000
3 000060873
4 772398514
5 683751924
6 000500729
7 320070658
8 057030146
---
2 :( 2 , 8 )-> 5
---
  012345678

0 138945261
1 200000097
2 009007005
3 000060873
4 772398514
5 683751924
6 000500729
7 320070658
8 057030146
---
2 :( 2 , 0 )-> 4
---
  012345678

0 138945261
1 200000097
2 409007005
3 000060873
4 772398514
5 683751924
6 000500729
7 320070658
8 057030146
---
2 :( 1 , 1 )-> 6
2 :( 2 , 1 )-> 6
2 :( 2 , 6 )-> 3
2 :( 6 , 0 )-> 8
2 :( 1 , 6 )-> 4
2 :( 1 , 6 )-> 4
2 :( 1 , 6 )-> 4
---
  012345678

0 138945261
1 260000497
2 469007305
3 000060873
4 772398514
5 683751924
6 800500729
7 320070658
8 057030146
---
2 :( 1 , 2 )-> 5
2 :( 1 , 5 )-> 3
2 :( 2 , 7 )-> 8
2 :( 6 , 4 )-> 1
2 :( 8 , 0 )-> 9
2 :( 1 , 5 )-> 3
2 :( 6 , 2 )-> 6
2 :( 6 , 3 )-> 6
2 :( 1 , 5 )-> 3
2 :( 6 , 5 )-> 6
2 :( 1 , 5 )-> 3
2 :( 6 , 2 )-> 6
---
  012345678

0 138945261
1 265003497
2 469007385
3 000060873
4 772398514
5 683751924
6 806616729
7 320070658
8 957030146
---
2 :( 1 , 4 )-> 8
2 :( 2 , 4 )-> 2
2 :( 3 , 0 )-> 5
2 :( 6 , 1 )-> 4
2 :( 7 , 3 )-> 4
2 :( 8 , 5 )-> 2
2 :( 1 , 3 )-> 1
2 :( 2 , 3 )-> 1
2 :( 3 , 0 )-> 5
2 :( 3 , 1 )-> 9
2 :( 7 , 5 )-> 9
2 :( 3 , 0 )-> 5
2 :( 3 , 1 )-> 9
2 :( 7 , 5 )-> 9
2 :( 3 , 0 )-> 5
2 :( 3 , 1 )-> 9
2 :( 7 , 5 )-> 9
---
  012345678

0 138945261
1 265183497
2 469127385
3 590060873
4 772398514
5 683751924
6 846616729
7 320479658
8 957032146
---
2 :( 3 , 3 )-> 2
2 :( 3 , 5 )-> 4
2 :( 7 , 2 )-> 1
2 :( 8 , 3 )-> 8
2 :( 3 , 3 )-> 2
2 :( 8 , 3 )-> 8
2 :( 3 , 2 )-> 4
2 :( 3 , 3 )-> 2
2 :( 8 , 3 )-> 8
2 :( 3 , 5 )-> 4
2 :( 3 , 2 )-> 4
2 :( 3 , 3 )-> 2
2 :( 3 , 5 )-> 4
2 :( 8 , 3 )-> 8
---
  012345678

0 138945261
1 265183497
2 469127385
3 594264873
4 772398514
5 683751924
6 846616729
7 321479658
8 957832146
---
2 :( 3 , 1 )-> 1
2 :( 3 , 1 )-> 1
2 :( 3 , 1 )-> 1
---
  012345678

0 138945261
1 265183497
2 469127385
3 514264873
4 772398514
5 683751924
6 846616729
7 321479658
8 957832146
---
---
  012345678

0 138945261
1 265183497
2 469127385
3 514264873
4 772398514
5 683751924
6 846616729
7 321479658
8 957832146
---
( 0 , 8 )にて重複した解答発見
